2|1|23/12/2020:17|30|30|30000
3|2|22/12/2002:11|4|6|29000
3|2|23/12/2020:8|30|30|30000
3|1|24/12/2020:23|30|30|30000
4|1|23/12/2020:14|30|30|30000
4|2|22/12/2002:14|3|6|29000
4|2|23/12/2020:23|30|30|30000
4|1|23/12/2020:23|30|30|30000
5|2|22/12/2002:17|2|6|40000
5|1|24/12/2020:17|30|30|30000
5|2|24/12/2020:17|30|30|30000
5|1|24/12/2020:8|30|30|30000
5|2|24/12/2020:23|30|30|30000
1|1|24/12/2020:14|30|30|30000
1|2|24/12/2020:14|30|30|30000
2|2|24/12/2020:8|30|30|30000
2|2|24/12/2020:11|30|30|30000